3139482720
3571011896
9
-7261648964369397258
Initial Seed : 4167545674535351072
'4167545674535351318,(-259,-201)(-4144,-3216),(9,12)
'4167545674535351480,(205,79)(3280,1264),(9,11)
'4167545674535351581,(11,59)(176,944),(9,12)
'4167545674535351871,(-209,-27)(-3344,-432),(9,12)
'4167545674535352133,(149,189)(2384,3024),(9,12)
'4167545674535352188,(-229,-169)(-3664,-2704),(9,12)
'4167545674535352242,(283,-55)(4528,-880),(9,11)
'4167545674535352507,(-115,-111)(-1840,-1776),(9,12)
'4167545674535352507,(-115,-111)(-1840,-1776),(9,11)
'4167545674535352704,(-3,239)(-48,3824),(9,11)
'4167545674535352754,(-263,-241)(-4208,-3856),(9,12)
'4167545674535352853,(177,91)(2832,1456),(9,12)
'4167545674535352980,(-289,-211)(-4624,-3376),(9,11)
'4167545674535353045,(117,-237)(1872,-3792),(9,11)
'4167545674535353658,(-263,139)(-4208,2224),(9,9)
'4167545674535353662,(163,109)(2608,1744),(9,12)
'4167545674535353818,(-145,91)(-2320,1456),(9,12)
'4167545674535353818,(-145,91)(-2320,1456),(9,11)
'4167545674535353932,(-31,273)(-496,4368),(9,11)
'4167545674535353944,(-37,271)(-592,4336),(9,11)
'4167545674535354047,(75,233)(1200,3728),(9,11)
'4167545674535354067,(259,-241)(4144,-3856),(9,12)
'4167545674535354067,(259,-241)(4144,-3856),(9,11)
'4167545674535354136,(269,61)(4304,976),(9,11)
'4167545674535354386,(291,279)(4656,4464),(9,12)
'4167545674535354487,(-177,71)(-2832,1136),(9,11)
'4167545674535354703,(-215,213)(-3440,3408),(9,12)
'4167545674535354950,(-263,-241)(-4208,-3856),(9,12)
'4167545674535354991,(-273,-101)(-4368,-1616),(9,12)
'4167545674535355129,(-27,-213)(-432,-3408),(9,12)
'4167545674535355129,(-27,-213)(-432,-3408),(9,11)
'4167545674535355132,(-129,-43)(-2064,-688),(10,12)
'4167545674535355304,(133,133)(2128,2128),(9,11)
'4167545674535355328,(-3,43)(-48,688),(9,11)
'4167545674535355485,(-163,291)(-2608,4656),(9,11)
'4167545674535355545,(151,71)(2416,1136),(9,11)
'4167545674535355608,(-89,-275)(-1424,-4400),(9,11)
'4167545674535355629,(61,145)(976,2320),(9,11)
'4167545674535355824,(-299,149)(-4784,2384),(9,12)
'4167545674535355917,(31,155)(496,2480),(9,12)
'4167545674535356019,(75,-279)(1200,-4464),(9,11)
'4167545674535356133,(-171,251)(-2736,4016),(9,11)
'4167545674535356287,(269,-151)(4304,-2416),(9,12)
'4167545674535356312,(-261,-177)(-4176,-2832),(9,11)
'4167545674535356312,(-261,-177)(-4176,-2832),(9,9)
'4167545674535356420,(31,-47)(496,-752),(9,12)
'4167545674535357054,(5,-293)(80,-4688),(9,11)
'4167545674535357154,(307,171)(4912,2736),(9,12)
'4167545674535357276,(159,53)(2544,848),(9,11)
'4167545674535357335,(51,-99)(816,-1584),(9,12)
'4167545674535357407,(-135,149)(-2160,2384),(9,12)
'4167545674535357517,(-291,-289)(-4656,-4624),(9,12)
'4167545674535357808,(-299,51)(-4784,816),(9,12)
'4167545674535357940,(-53,199)(-848,3184),(9,11)
'4167545674535358022,(-51,255)(-816,4080),(9,11)
'4167545674535358298,(-113,133)(-1808,2128),(9,11)
'4167545674535358407,(297,-255)(4752,-4080),(9,11)
'4167545674535358494,(271,181)(4336,2896),(9,12)
'4167545674535358707,(-299,231)(-4784,3696),(9,12)
'4167545674535358707,(-299,231)(-4784,3696),(9,11)
'4167545674535358734,(-227,-31)(-3632,-496),(9,12)
'4167545674535358746,(15,-291)(240,-4656),(9,11)
'4167545674535358782,(-111,-91)(-1776,-1456),(9,12)
'4167545674535358997,(-51,255)(-816,4080),(9,12)
'4167545674535358997,(-51,255)(-816,4080),(9,11)
'4167545674535359007,(-63,147)(-1008,2352),(9,12)
'4167545674535359141,(-271,-87)(-4336,-1392),(9,12)
'4167545674535359212,(199,-231)(3184,-3696),(9,11)
'4167545674535359229,(-121,301)(-1936,4816),(9,12)
'4167545674535359429,(-307,215)(-4912,3440),(9,12)
'4167545674535359458,(-241,245)(-3856,3920),(9,12)
'4167545674535359913,(-165,-97)(-2640,-1552),(9,11)
'4167545674535360187,(57,-45)(912,-720),(9,11)
'4167545674535360239,(129,173)(2064,2768),(9,12)
'4167545674535360458,(-241,-157)(-3856,-2512),(9,12)
'4167545674535360743,(-211,45)(-3376,720),(9,11)
'4167545674535360879,(-175,-115)(-2800,-1840),(9,11)
'4167545674535361023,(-135,31)(-2160,496),(9,12)
'4167545674535361023,(-135,31)(-2160,496),(9,11)
10000seeds, 1807.91seeds/s, 5.53s
3139482720
3571011896
9
-7261648964369397258
Initial Seed : -8556884810161341047
'-8556884810161340721,(-243,151)(-3888,2416),(9,11)
'-8556884810161340613,(-99,-147)(-1584,-2352),(10,12)
'-8556884810161340613,(-99,-147)(-1584,-2352),(9,11)
'-8556884810161340401,(127,-243)(2032,-3888),(9,11)
'-8556884810161340256,(-293,-131)(-4688,-2096),(10,12)
'-8556884810161340209,(229,-163)(3664,-2608),(9,12)
'-8556884810161340117,(-99,-147)(-1584,-2352),(9,12)
'-8556884810161340022,(167,267)(2672,4272),(9,11)
'-8556884810161339860,(-33,237)(-528,3792),(9,12)
'-8556884810161339837,(273,-49)(4368,-784),(9,11)
'-8556884810161339675,(-313,-147)(-5008,-2352),(9,11)
'-8556884810161339662,(-57,-129)(-912,-2064),(9,12)
'-8556884810161339645,(1,-145)(16,-2320),(9,11)
'-8556884810161339637,(131,-43)(2096,-688),(9,11)
'-8556884810161339591,(159,-151)(2544,-2416),(9,12)
'-8556884810161339412,(-297,-49)(-4752,-784),(9,11)
'-8556884810161339355,(159,-159)(2544,-2544),(9,12)
'-8556884810161339355,(159,-159)(2544,-2544),(9,11)
'-8556884810161339334,(-299,49)(-4784,784),(9,11)
'-8556884810161339283,(161,-39)(2576,-624),(9,11)
'-8556884810161339119,(91,-133)(1456,-2128),(9,11)
'-8556884810161339105,(53,-29)(848,-464),(9,12)
'-8556884810161339105,(53,-29)(848,-464),(9,11)
'-8556884810161338917,(-81,135)(-1296,2160),(9,12)
'-8556884810161338884,(-151,-153)(-2416,-2448),(9,11)
'-8556884810161338725,(119,227)(1904,3632),(9,11)
'-8556884810161338617,(107,-149)(1712,-2384),(9,11)
'-8556884810161338537,(-313,-289)(-5008,-4624),(9,12)
'-8556884810161338396,(163,131)(2608,2096),(9,12)
'-8556884810161338396,(163,131)(2608,2096),(9,11)
'-8556884810161338386,(145,-225)(2320,-3600),(9,11)
'-8556884810161338328,(-21,-251)(-336,-4016),(10,12)
'-8556884810161338292,(97,153)(1552,2448),(9,12)
'-8556884810161338221,(269,-187)(4304,-2992),(9,11)
'-8556884810161338169,(-313,-289)(-5008,-4624),(9,12)
'-8556884810161338152,(-261,-253)(-4176,-4048),(9,11)
'-8556884810161338081,(207,107)(3312,1712),(9,11)
'-8556884810161338043,(161,141)(2576,2256),(9,11)
'-8556884810161337824,(193,35)(3088,560),(9,9)
'-8556884810161337794,(231,199)(3696,3184),(9,11)
'-8556884810161337409,(-291,-97)(-4656,-1552),(9,11)
'-8556884810161337143,(213,167)(3408,2672),(9,11)
'-8556884810161337062,(45,271)(720,4336),(9,11)
'-8556884810161336812,(-263,163)(-4208,2608),(9,11)
'-8556884810161336751,(-313,81)(-5008,1296),(9,12)
'-8556884810161336615,(163,-275)(2608,-4400),(9,11)
'-8556884810161336515,(-195,103)(-3120,1648),(9,11)
'-8556884810161336347,(-213,93)(-3408,1488),(9,11)
'-8556884810161336176,(-71,-181)(-1136,-2896),(9,12)
'-8556884810161335958,(-39,157)(-624,2512),(9,12)
'-8556884810161335777,(141,-297)(2256,-4752),(9,12)
'-8556884810161335777,(141,-297)(2256,-4752),(9,11)
'-8556884810161335734,(163,221)(2608,3536),(9,11)
'-8556884810161335725,(-201,-149)(-3216,-2384),(9,12)
'-8556884810161335725,(-201,-149)(-3216,-2384),(9,11)
'-8556884810161335537,(261,235)(4176,3760),(9,12)
'-8556884810161335492,(265,-129)(4240,-2064),(9,11)
'-8556884810161335315,(-89,201)(-1424,3216),(9,9)
'-8556884810161335295,(-93,-191)(-1488,-3056),(9,12)
'-8556884810161335270,(-37,-21)(-592,-336),(9,11)
'-8556884810161335112,(195,153)(3120,2448),(9,11)
'-8556884810161334997,(217,239)(3472,3824),(9,12)
'-8556884810161334885,(-197,-49)(-3152,-784),(9,11)
'-8556884810161334627,(-287,257)(-4592,4112),(9,11)
'-8556884810161334514,(-167,-41)(-2672,-656),(9,11)
'-8556884810161334285,(61,233)(976,3728),(9,11)
'-8556884810161334080,(95,237)(1520,3792),(9,12)
'-8556884810161334026,(155,-243)(2480,-3888),(9,11)
'-8556884810161333944,(1,-65)(16,-1040),(9,12)
'-8556884810161333669,(263,149)(4208,2384),(9,12)
'-8556884810161333334,(159,-195)(2544,-3120),(9,11)
'-8556884810161333334,(159,-195)(2544,-3120),(9,9)
'-8556884810161333286,(-309,111)(-4944,1776),(10,12)
'-8556884810161333068,(-133,193)(-2128,3088),(9,11)
'-8556884810161332830,(275,53)(4400,848),(9,11)
'-8556884810161332780,(181,-213)(2896,-3408),(9,11)
'-8556884810161332690,(197,-51)(3152,-816),(9,12)
'-8556884810161332356,(-123,47)(-1968,752),(9,11)
'-8556884810161332204,(177,149)(2832,2384),(9,11)
'-8556884810161332200,(97,-39)(1552,-624),(9,12)
'-8556884810161331946,(231,199)(3696,3184),(9,11)
'-8556884810161331833,(-131,-311)(-2096,-4976),(9,12)
'-8556884810161331832,(-49,255)(-784,4080),(9,11)
'-8556884810161331620,(255,-91)(4080,-1456),(9,12)
'-8556884810161331620,(255,-91)(4080,-1456),(9,11)
'-8556884810161331578,(231,199)(3696,3184),(9,11)
'-8556884810161331502,(-163,-279)(-2608,-4464),(9,12)
'-8556884810161331376,(201,-51)(3216,-816),(9,12)
'-8556884810161331268,(211,-135)(3376,-2160),(9,11)
'-8556884810161331073,(29,49)(464,784),(9,11)
10000seeds, 1612.09seeds/s, 6.20s
